log_dark_saturation_current,ln_r_sheet,r_int,ln_rho_par,V1,V2
-9.99977125036531,4.786611828151154,2.88e-05,3.912023005428146,0.5441702200470258,0.6360162246721079
-8.819,-8.12311045407681,2.88e-05,3.912023005428146,0.5441702200470258,0.6360162246721079
-9.99977125036531,2.302585092994046,1e-05,7.463946656604478,0.5441702200470258,0.6360162246721079
-9.99977125036531,2.302585092994046,1e-05,13.916130680326466,0.5441702200470258,0.6360162246721079
-9.99977125036531,2.302585092994046,1e-05,10.727761558808648,0.5441702200470258,0.6360162246721079
-8.732703530147448,4.620159773549522,2.88e-05,3.912023005428146,0.5477132064326675,0.60103759746797
-8.819,-6.524044500191764,2.88e-05,3.912023005428146,0.5477132064326675,0.60103759746797
-8.732703530147448,2.302585092994046,1e-05,7.349988036684036,0.5477132064326675,0.60103759746797
-8.732703530147448,2.302585092994046,1e-05,13.356624009408826,0.5477132064326675,0.60103759746797
-8.732703530147448,2.302585092994046,1e-05,8.788828987089316,0.5477132064326675,0.60103759746797
-9.07356294700331,4.029315191831521,2.88e-05,3.912023005428146,0.5418026968887677,0.6009737620743812
-8.819,-6.974865972023298,2.88e-05,3.912023005428146,0.5418026968887677,0.6009737620743812
-9.07356294700331,2.302585092994046,1e-05,9.435818562701547,0.5418026968887677,0.6009737620743812
-9.07356294700331,2.302585092994046,1e-05,9.768834227197454,0.5418026968887677,0.6009737620743812
-9.07356294700331,2.302585092994046,1e-05,10.173412539872023,0.5418026968887677,0.6009737620743812
-9.07356294700331,2.302585092994046,1e-05,12.291754183903878,0.5418026968887677,0.6009737620743812
-9.473369969629731,4.495312890086734,2.88e-05,3.912023005428146,0.5415416284237967,0.6370024848257703
-8.819,-7.596328264481545,2.88e-05,3.912023005428146,0.5415416284237967,0.6370024848257703
-9.473369969629731,2.302585092994046,1e-05,13.064674266778614,0.5415416284237967,0.6370024848257703
-9.473369969629731,2.302585092994046,1e-05,13.14105942697901,0.5415416284237967,0.6370024848257703
-9.473369969629731,2.302585092994046,1e-05,10.247986592479979,0.5415416284237967,0.6370024848257703
-8.351442934677262,3.3913787609631005,2.88e-05,3.912023005428146,0.5477770241057383,0.6118770610017457
-8.819,-5.7169319352662855,2.88e-05,3.912023005428146,0.5477770241057383,0.6118770610017457
-8.351442934677262,2.302585092994046,1e-05,9.99116495753841,0.5477770241057383,0.6118770610017457
-8.351442934677262,2.302585092994046,1e-05,8.50324532970439,0.5477770241057383,0.6118770610017457
-8.351442934677262,2.302585092994046,1e-05,9.286370558102853,0.5477770241057383,0.6118770610017457
-8.351442934677262,2.302585092994046,1e-05,7.424364149683166,0.5477770241057383,0.6118770610017457
-8.259144628550375,3.7858008762057054,2.88e-05,3.912023005428146,0.545139433437727,0.6386582526039648
-8.819,-4.800412181457677,2.88e-05,3.912023005428146,0.545139433437727,0.6386582526039648
-8.259144628550375,2.302585092994046,1e-05,11.521512409442556,0.545139433437727,0.6386582526039648
-8.259144628550375,2.302585092994046,1e-05,9.42087680795056,0.545139433437727,0.6386582526039648
-9.891273571387137,4.605643024394609,2.88e-05,3.912023005428146,0.5484881769726858,0.6089447962460499
-8.819,-4.942992464966374,2.88e-05,3.912023005428146,0.5484881769726858,0.6089447962460499
-9.891273571387137,2.302585092994046,1e-05,12.898960725567193,0.5484881769726858,0.6089447962460499
-9.891273571387137,2.302585092994046,1e-05,14.3742413323742,0.5484881769726858,0.6089447962460499
-9.891273571387137,2.302585092994046,1e-05,14.208895319549594,0.5484881769726858,0.6089447962460499
-9.891273571387137,2.302585092994046,1e-05,10.525317870032936,0.5484881769726858,0.6089447962460499
-8.898597086837638,3.231255007577521,2.88e-05,3.912023005428146,0.5422329107915355,0.6261581670700338
-8.819,-5.966163120959742,2.88e-05,3.912023005428146,0.5422329107915355,0.6261581670700338
-8.898597086837638,2.302585092994046,1e-05,9.294272258795864,0.5422329107915355,0.6261581670700338
-8.898597086837638,2.302585092994046,1e-05,10.794587093018835,0.5422329107915355,0.6261581670700338
-8.898597086837638,2.302585092994046,1e-05,12.720759246236758,0.5422329107915355,0.6261581670700338
-8.898597086837638,2.302585092994046,1e-05,13.234510195930017,0.5422329107915355,0.6261581670700338
-9.616958426105011,4.592594910381855,2.88e-05,3.912023005428146,0.5429466500268711,0.6265293377802648
-8.819,-7.321192489124849,2.88e-05,3.912023005428146,0.5429466500268711,0.6265293377802648
-8.242797058156896,4.641942110556473,2.88e-05,3.912023005428146,0.546503742417396,0.6252726686867421
-8.819,-5.755835111772978,2.88e-05,3.912023005428146,0.546503742417396,0.6252726686867421
-8.242797058156896,2.302585092994046,1e-05,12.513323324118792,0.546503742417396,0.6252726686867421
-8.242797058156896,2.302585092994046,1e-05,12.515835805418064,0.546503742417396,0.6252726686867421
-9.506124053667346,3.647185808389318,2.88e-05,3.912023005428146,0.5409753360174946,0.6380624858337428
-8.819,-6.098936938162181,2.88e-05,3.912023005428146,0.5409753360174946,0.6380624858337428
-9.506124053667346,2.302585092994046,1e-05,10.70770613126507,0.5409753360174946,0.6380624858337428
-9.506124053667346,2.302585092994046,1e-05,9.619022774491706,0.5409753360174946,0.6380624858337428
-9.506124053667346,2.302585092994046,1e-05,12.148711419332596,0.5409753360174946,0.6380624858337428
-9.506124053667346,2.302585092994046,1e-05,13.647397378959674,0.5409753360174946,0.6380624858337428
-8.90067504424258,4.148239147216009,2.88e-05,3.912023005428146,0.54435994902142,0.6012963115913945
-8.819,-7.734215528267059,2.88e-05,3.912023005428146,0.54435994902142,0.6012963115913945
-8.90067504424258,2.302585092994046,1e-05,7.7759387588856255,0.54435994902142,0.6012963115913945
-8.90067504424258,2.302585092994046,1e-05,12.558406290661113,0.54435994902142,0.6012963115913945
-8.216938541050585,4.3613618170104465,2.88e-05,3.912023005428146,0.5458813080107728,0.644885686395471
-8.819,-6.261394165021551,2.88e-05,3.912023005428146,0.5458813080107728,0.644885686395471
-8.216938541050585,2.302585092994046,1e-05,10.942882925992393,0.5458813080107728,0.644885686395471
-8.55806730633754,4.742109783355949,2.88e-05,3.912023005428146,0.5404872488080913,0.6144554829894908
-8.819,-5.9974375378671985,2.88e-05,3.912023005428146,0.5404872488080913,0.6144554829894908
-9.15892392937125,3.361339189801673,2.88e-05,3.912023005428146,0.5420846053735885,0.6240840530881683
-8.819,-7.649814163498325,2.88e-05,3.912023005428146,0.5420846053735885,0.6240840530881683
-9.15892392937125,2.302585092994046,1e-05,10.743211363427971,0.5420846053735885,0.6240840530881683
-9.15892392937125,2.302585092994046,1e-05,8.266368483260976,0.5420846053735885,0.6240840530881683
-9.15892392937125,2.302585092994046,1e-05,12.96803495817378,0.5420846053735885,0.6240840530881683
-8.469080481206186,4.0709139514891834,2.88e-05,3.912023005428146,0.5451729788384659,0.6473481301907407
-8.819,-8.36301142126986,2.88e-05,3.912023005428146,0.5451729788384659,0.6473481301907407
-8.469080481206186,2.302585092994046,1e-05,8.046010225523887,0.5451729788384659,0.6473481301907407
-8.469080481206186,2.302585092994046,1e-05,12.219147034456801,0.5451729788384659,0.6473481301907407
-8.469080481206186,2.302585092994046,1e-05,13.495849372606116,0.5451729788384659,0.6473481301907407
-8.469080481206186,2.302585092994046,1e-05,9.517794067087541,0.5451729788384659,0.6473481301907407
-8.000265414752242,4.772669260526784,2.88e-05,3.912023005428146,0.5496001730333593,0.6349756024974789
-8.819,-6.8662181936285105,2.88e-05,3.912023005428146,0.5496001730333593,0.6349756024974789
-8.000265414752242,2.302585092994046,1e-05,8.235122456542193,0.5496001730333593,0.6349756024974789
-9.442322118597861,3.279706958374069,2.88e-05,3.912023005428146,0.5487012413662722,0.629113846433628
-8.819,-8.01677957051465,2.88e-05,3.912023005428146,0.5487012413662722,0.629113846433628
-9.442322118597861,2.302585092994046,1e-05,10.09449450909311,0.5487012413662722,0.629113846433628
-9.442322118597861,2.302585092994046,1e-05,13.105455545017657,0.5487012413662722,0.629113846433628
-9.442322118597861,2.302585092994046,1e-05,8.197287515186432,0.5487012413662722,0.629113846433628
-9.442322118597861,2.302585092994046,1e-05,11.715099875344025,0.5487012413662722,0.629113846433628
-8.463404676924053,3.041060471039054,2.88e-05,3.912023005428146,0.5430793495262497,0.6259695739652651
-8.819,-8.710683603058357,2.88e-05,3.912023005428146,0.5430793495262497,0.6259695739652651
-8.463404676924053,2.302585092994046,1e-05,14.008038204015346,0.5430793495262497,0.6259695739652651
-8.463404676924053,2.302585092994046,1e-05,7.347956846489569,0.5430793495262497,0.6259695739652651
-8.463404676924053,2.302585092994046,1e-05,12.693083492254413,0.5430793495262497,0.6259695739652651
-8.529205419600641,3.954543748564571,2.88e-05,3.912023005428146,0.544257214105189,0.6407291870247276
-8.819,-4.699775891155936,2.88e-05,3.912023005428146,0.544257214105189,0.6407291870247276
-9.750065815981518,3.9829936376991357,2.88e-05,3.912023005428146,0.5472901374228912,0.628061980116382
-8.819,-7.765324038452194,2.88e-05,3.912023005428146,0.5472901374228912,0.628061980116382
-9.750065815981518,2.302585092994046,1e-05,10.613715018169943,0.5472901374228912,0.628061980116382
-9.750065815981518,2.302585092994046,1e-05,7.959843659452904,0.5472901374228912,0.628061980116382
-9.750065815981518,2.302585092994046,1e-05,13.520562804240173,0.5472901374228912,0.628061980116382
-9.853487223832529,4.157805757894532,2.88e-05,3.912023005428146,0.5486375998557008,0.6142452982613813
-8.819,-7.675464193071343,2.88e-05,3.912023005428146,0.5486375998557008,0.6142452982613813
-9.418190522174111,4.2852988332636555,2.88e-05,3.912023005428146,0.5455079790257458,0.6354073911309053
-8.819,-7.197595745676869,2.88e-05,3.912023005428146,0.5455079790257458,0.6354073911309053
-8.673904189328663,4.752614366041978,2.88e-05,3.912023005428146,0.5464414353606833,0.6190374244817558
-8.819,-7.613903600039726,2.88e-05,3.912023005428146,0.5464414353606833,0.6190374244817558
-8.673904189328663,2.302585092994046,1e-05,11.32286423240127,0.5464414353606833,0.6190374244817558
-8.673904189328663,2.302585092994046,1e-05,7.145755698699548,0.5464414353606833,0.6190374244817558
-8.459374135562244,4.39576393877252,2.88e-05,3.912023005428146,0.5428605382166052,0.64790527832595
-8.819,-7.621914798820674,2.88e-05,3.912023005428146,0.5428605382166052,0.64790527832595
-8.459374135562244,2.302585092994046,1e-05,9.91493811908059,0.5428605382166052,0.64790527832595
-8.459374135562244,2.302585092994046,1e-05,12.019010867987202,0.5428605382166052,0.64790527832595
-8.889742444002806,4.5319490957219,2.88e-05,3.912023005428146,0.5485888926729304,0.618635557748764
-8.819,-5.840554151249757,2.88e-05,3.912023005428146,0.5485888926729304,0.618635557748764
-9.178118394006919,3.095288931686324,2.88e-05,3.912023005428146,0.5424851012743773,0.6224987710525398
-8.819,-5.752209202020604,2.88e-05,3.912023005428146,0.5424851012743773,0.6224987710525398
-9.178118394006919,2.302585092994046,1e-05,7.070775436255634,0.5424851012743773,0.6224987710525398
-9.814592489331734,4.0818318368222535,2.88e-05,3.912023005428146,0.5403856168088141,0.6390050230262337
-8.819,-8.7427664973004,2.88e-05,3.912023005428146,0.5403856168088141,0.6390050230262337
-9.814592489331734,2.302585092994046,1e-05,8.441841986112028,0.5403856168088141,0.6390050230262337
-9.814592489331734,2.302585092994046,1e-05,10.464343423746541,0.5403856168088141,0.6390050230262337
-9.814592489331734,2.302585092994046,1e-05,10.30030693451781,0.5403856168088141,0.6390050230262337
-9.814592489331734,2.302585092994046,1e-05,13.997401934589524,0.5403856168088141,0.6390050230262337
-9.537025909928875,4.6041279361272895,2.88e-05,3.912023005428146,0.544580549482241,0.6154174803482456
-8.819,-8.697570163133495,2.88e-05,3.912023005428146,0.544580549482241,0.6154174803482456
-8.095638665187973,4.653339062523708,2.88e-05,3.912023005428146,0.5472850719159573,0.6300807106185107
-8.819,-8.790208567318613,2.88e-05,3.912023005428146,0.5472850719159573,0.6300807106185107
-8.095638665187973,2.302585092994046,1e-05,8.417673576481535,0.5472850719159573,0.6300807106185107
-8.095638665187973,2.302585092994046,1e-05,12.675333491911795,0.5472850719159573,0.6300807106185107
-9.614409942085684,4.3593880947445465,2.88e-05,3.912023005428146,0.5494449660285731,0.6232049087152204
-8.819,-6.059372326217789,2.88e-05,3.912023005428146,0.5494449660285731,0.6232049087152204
-9.614409942085684,2.302585092994046,1e-05,7.654044564895804,0.5494449660285731,0.6232049087152204
-9.614409942085684,2.302585092994046,1e-05,7.431446385724834,0.5494449660285731,0.6232049087152204
-8.11160072838516,3.9936052304351035,2.88e-05,3.912023005428146,0.5438477311951675,0.642985392329531
-8.819,-5.039541547965476,2.88e-05,3.912023005428146,0.5438477311951675,0.642985392329531
-8.11160072838516,2.302585092994046,1e-05,9.724259005350017,0.5438477311951675,0.642985392329531
-8.11160072838516,2.302585092994046,1e-05,6.999062268596503,0.5438477311951675,0.642985392329531
-8.359196240203238,4.616621753131797,2.88e-05,3.912023005428146,0.5454688915614536,0.6398949510641303
-8.819,-6.433480854404035,2.88e-05,3.912023005428146,0.5454688915614536,0.6398949510641303
-8.359196240203238,2.302585092994046,1e-05,9.728623250241052,0.5454688915614536,0.6398949510641303
-8.359196240203238,2.302585092994046,1e-05,10.500913202390025,0.5454688915614536,0.6398949510641303
-8.359196240203238,2.302585092994046,1e-05,9.425422738850271,0.5454688915614536,0.6398949510641303
-8.05463128007023,4.463032386614079,2.88e-05,3.912023005428146,0.5496702983901368,0.6273616124587861
-8.819,-8.215211469424233,2.88e-05,3.912023005428146,0.5496702983901368,0.6273616124587861
-8.422930245026494,3.256367271696066,2.88e-05,3.912023005428146,0.5440768702808029,0.602768302005593
-8.819,-6.510727226046189,2.88e-05,3.912023005428146,0.5440768702808029,0.602768302005593
-8.422930245026494,2.302585092994046,1e-05,10.486481986001662,0.5440768702808029,0.602768302005593
-8.422930245026494,2.302585092994046,1e-05,13.498831555517235,0.5440768702808029,0.602768302005593
-8.646367517778883,4.331554004963594,2.88e-05,3.912023005428146,0.5425092362374494,0.6023047910336305
-8.819,-4.953513371744854,2.88e-05,3.912023005428146,0.5425092362374494,0.6023047910336305
-8.646367517778883,2.302585092994046,1e-05,13.151583017881276,0.5425092362374494,0.6023047910336305
-8.646367517778883,2.302585092994046,1e-05,8.791652680614085,0.5425092362374494,0.6023047910336305
-8.646367517778883,2.302585092994046,1e-05,14.454730448770542,0.5425092362374494,0.6023047910336305
-8.53601211637719,4.326163934515201,2.88e-05,3.912023005428146,0.5437454011884737,0.6475357153204958
-8.819,-7.157204670597955,2.88e-05,3.912023005428146,0.5437454011884737,0.6475357153204958
-8.53601211637719,2.302585092994046,1e-05,10.167682611382332,0.5437454011884737,0.6475357153204958
-8.53601211637719,2.302585092994046,1e-05,10.006763083025543,0.5437454011884737,0.6475357153204958
-8.53601211637719,2.302585092994046,1e-05,11.353757949687152,0.5437454011884737,0.6475357153204958
-8.53601211637719,2.302585092994046,1e-05,12.030819452469014,0.5437454011884737,0.6475357153204958
-9.733218071628023,3.365037480847845,2.88e-05,3.912023005428146,0.5411505456638979,0.630453326963974
-8.819,-5.475379759800858,2.88e-05,3.912023005428146,0.5411505456638979,0.630453326963974
-8.510719036640964,3.4106874265607856,2.88e-05,3.912023005428146,0.5483484214866565,0.6052398052184935
-8.819,-7.845478787279069,2.88e-05,3.912023005428146,0.5483484214866565,0.6052398052184935
-9.437105396089875,4.706014678372009,2.88e-05,3.912023005428146,0.549890115134756,0.6274772363422363
-8.819,-6.9958339247330565,2.88e-05,3.912023005428146,0.549890115134756,0.6274772363422363
-9.437105396089875,2.302585092994046,1e-05,8.561175978157978,0.549890115134756,0.6274772363422363
-9.437105396089875,2.302585092994046,1e-05,6.922890710756854,0.549890115134756,0.6274772363422363
-9.437105396089875,2.302585092994046,1e-05,10.921161356803056,0.549890115134756,0.6274772363422363
-9.501913816968502,3.482554464567605,2.88e-05,3.912023005428146,0.5478383235080575,0.6317416853026365
-8.819,-4.652666415873262,2.88e-05,3.912023005428146,0.5478383235080575,0.6317416853026365
-9.501913816968502,2.302585092994046,1e-05,9.357854836648846,0.5478383235080575,0.6317416853026365
-9.501913816968502,2.302585092994046,1e-05,10.079477107343166,0.5478383235080575,0.6317416853026365
-8.542530732997788,3.930392732095919,2.88e-05,3.912023005428146,0.5411348847189366,0.6487241547218229
-8.819,-4.705287813955139,2.88e-05,3.912023005428146,0.5411348847189366,0.6487241547218229
-9.430277665052163,3.0866369516788077,2.88e-05,3.912023005428146,0.5401749027093116,0.6445786633590129
-8.819,-4.774034728838496,2.88e-05,3.912023005428146,0.5401749027093116,0.6445786633590129
-8.14732972988165,4.542116103802609,2.88e-05,3.912023005428146,0.5430096445585592,0.6123530915980907
-8.819,-7.741088051834896,2.88e-05,3.912023005428146,0.5430096445585592,0.6123530915980907
-8.14732972988165,2.302585092994046,1e-05,9.69287278721052,0.5430096445585592,0.6123530915980907
-8.14732972988165,2.302585092994046,1e-05,12.375493176910098,0.5430096445585592,0.6123530915980907
-9.586561689321147,4.768469884822099,2.88e-05,3.912023005428146,0.5422199317108974,0.6435366153088689
-8.819,-8.7966992069129,2.88e-05,3.912023005428146,0.5422199317108974,0.6435366153088689
-9.489052152485577,2.5143024563463006,2.88e-05,3.912023005428146,0.5449460164553802,0.6114041552224668
-8.819,-8.509430148517904,2.88e-05,3.912023005428146,0.5449460164553802,0.6114041552224668
-9.489052152485577,2.302585092994046,1e-05,10.54070779103018,0.5449460164553802,0.6114041552224668
-9.489052152485577,2.302585092994046,1e-05,11.728006921539524,0.5449460164553802,0.6114041552224668
-9.489052152485577,2.302585092994046,1e-05,14.05499149949178,0.5449460164553802,0.6114041552224668
-9.489052152485577,2.302585092994046,1e-05,10.414072804340655,0.5449460164553802,0.6114041552224668
-9.313392654914816,4.252145867897499,2.88e-05,3.912023005428146,0.5467573141550356,0.6022356091101473
-8.819,-4.794034975491116,2.88e-05,3.912023005428146,0.5467573141550356,0.6022356091101473
-9.578458720137412,4.615743298581514,2.88e-05,3.912023005428146,0.5482311034070979,0.6013058990784933
-8.819,-6.285074722608686,2.88e-05,3.912023005428146,0.5482311034070979,0.6013058990784933
-9.578458720137412,2.302585092994046,1e-05,13.436051644323332,0.5482311034070979,0.6013058990784933
-9.578458720137412,2.302585092994046,1e-05,10.89184263431993,0.5482311034070979,0.6013058990784933
-9.578458720137412,2.302585092994046,1e-05,13.6145269438043,0.5482311034070979,0.6013058990784933
-9.578458720137412,2.302585092994046,1e-05,8.921880080851274,0.5482311034070979,0.6013058990784933
-9.090249195188495,4.3100424936391715,2.88e-05,3.912023005428146,0.5484666240721013,0.6280582770132517
-8.819,-6.743121622499083,2.88e-05,3.912023005428146,0.5484666240721013,0.6280582770132517
-9.090249195188495,2.302585092994046,1e-05,8.69935430799011,0.5484666240721013,0.6280582770132517
-9.090249195188495,2.302585092994046,1e-05,7.764346607262168,0.5484666240721013,0.6280582770132517
-9.090249195188495,2.302585092994046,1e-05,10.448082796999604,0.5484666240721013,0.6280582770132517
-9.090249195188495,2.302585092994046,1e-05,7.845825912105915,0.5484666240721013,0.6280582770132517
-9.630246624477097,3.5832641754051924,2.88e-05,3.912023005428146,0.5442018296714077,0.6181619748482543
-8.819,-8.21088003051229,2.88e-05,3.912023005428146,0.5442018296714077,0.6181619748482543
-9.032280039072708,4.220008410118978,2.88e-05,3.912023005428146,0.5409310828667186,0.6485827959994894
-8.819,-7.775118767516925,2.88e-05,3.912023005428146,0.5409310828667186,0.6485827959994894
-9.032280039072708,2.302585092994046,1e-05,10.00350072531508,0.5409310828667186,0.6485827959994894
-9.032280039072708,2.302585092994046,1e-05,10.097360304409827,0.5409310828667186,0.6485827959994894
-9.032280039072708,2.302585092994046,1e-05,13.692588352484941,0.5409310828667186,0.6485827959994894
-8.652596750661726,4.33001747064852,2.88e-05,3.912023005428146,0.5498419185054259,0.6166706133007327
-8.819,-8.373348228866856,2.88e-05,3.912023005428146,0.5498419185054259,0.6166706133007327
-8.652596750661726,2.302585092994046,1e-05,13.538548230871417,0.5498419185054259,0.6166706133007327
-8.652596750661726,2.302585092994046,1e-05,13.145853315044441,0.5498419185054259,0.6166706133007327
-9.177877858722175,4.468993166970068,2.88e-05,3.912023005428146,0.5408734964290218,0.6115238549775864
-8.819,-5.49753488443779,2.88e-05,3.912023005428146,0.5408734964290218,0.6115238549775864
-9.177877858722175,2.302585092994046,1e-05,7.388515297703508,0.5408734964290218,0.6115238549775864
-9.177877858722175,2.302585092994046,1e-05,9.805345464749465,0.5408734964290218,0.6115238549775864
-9.00787930246442,4.754943055373548,2.88e-05,3.912023005428146,0.543651055830227,0.6225602957946669
-8.819,-6.734086667875807,2.88e-05,3.912023005428146,0.543651055830227,0.6225602957946669
-9.00787930246442,2.302585092994046,1e-05,6.915858309030822,0.543651055830227,0.6225602957946669
-9.00787930246442,2.302585092994046,1e-05,13.498713660349482,0.543651055830227,0.6225602957946669
-9.00787930246442,2.302585092994046,1e-05,7.591513686876715,0.543651055830227,0.6225602957946669
-8.266169846368406,4.291734042651254,2.88e-05,3.912023005428146,0.5492403511557443,0.6078935290267395
-8.819,-7.911959763374737,2.88e-05,3.912023005428146,0.5492403511557443,0.6078935290267395
-8.266169846368406,2.302585092994046,1e-05,13.207988027714794,0.5492403511557443,0.6078935290267395
-8.357541753884336,3.083845471326609,2.88e-05,3.912023005428146,0.5489286015143601,0.6165989902650588
-8.819,-6.470024346782986,2.88e-05,3.912023005428146,0.5489286015143601,0.6165989902650588
-8.357541753884336,2.302585092994046,1e-05,10.472516305465076,0.5489286015143601,0.6165989902650588
-8.357541753884336,2.302585092994046,1e-05,7.727342705329282,0.5489286015143601,0.6165989902650588
-9.353634646063561,4.516536192123087,2.88e-05,3.912023005428146,0.5430087333004662,0.6093472908170939
-8.819,-5.763701934209675,2.88e-05,3.912023005428146,0.5430087333004662,0.6093472908170939
-8.245346463585895,4.159890704768197,2.88e-05,3.912023005428146,0.5482446947591328,0.60906748662486
-8.819,-6.657733125170544,2.88e-05,3.912023005428146,0.5482446947591328,0.60906748662486
-8.245346463585895,2.302585092994046,1e-05,13.974175644000619,0.5482446947591328,0.60906748662486
-8.245346463585895,2.302585092994046,1e-05,11.415797515430938,0.5482446947591328,0.60906748662486
-8.307829805438233,4.47737863806901,2.88e-05,3.912023005428146,0.5403375471042321,0.6244553753982792
-8.819,-5.1282524242068845,2.88e-05,3.912023005428146,0.5403375471042321,0.6244553753982792
-8.307829805438233,2.302585092994046,1e-05,12.675141964483405,0.5403375471042321,0.6244553753982792
-8.307829805438233,2.302585092994046,1e-05,7.090375357417918,0.5403375471042321,0.6244553753982792
-9.903746454839846,4.609168467924859,2.88e-05,3.912023005428146,0.5455394102250058,0.6198123946852683
-8.819,-5.769660926925214,2.88e-05,3.912023005428146,0.5455394102250058,0.6198123946852683
-9.903746454839846,2.302585092994046,1e-05,8.68009877232234,0.5455394102250058,0.6198123946852683
-8.808814974685756,3.8230971989550526,2.88e-05,3.912023005428146,0.5437909852543378,0.6283549083589807
-8.819,-6.376153551205097,2.88e-05,3.912023005428146,0.5437909852543378,0.6283549083589807
-8.808814974685756,2.302585092994046,1e-05,14.419373991304688,0.5437909852543378,0.6283549083589807
-8.808814974685756,2.302585092994046,1e-05,12.313681946228385,0.5437909852543378,0.6283549083589807
-8.808814974685756,2.302585092994046,1e-05,8.64832773660034,0.5437909852543378,0.6283549083589807
-8.808814974685756,2.302585092994046,1e-05,11.687367246542788,0.5437909852543378,0.6283549083589807
-9.425749445320593,4.028843147196528,2.88e-05,3.912023005428146,0.5421864505014721,0.601570135975129
-8.819,-6.583722198099883,2.88e-05,3.912023005428146,0.5421864505014721,0.601570135975129
-9.274629067646226,3.4464736430056004,2.88e-05,3.912023005428146,0.5415428757813128,0.6066849780350033
-8.819,-8.053473803531343,2.88e-05,3.912023005428146,0.5415428757813128,0.6066849780350033
-9.274629067646226,2.302585092994046,1e-05,12.384144221646329,0.5415428757813128,0.6066849780350033
-9.274629067646226,2.302585092994046,1e-05,10.150423404264025,0.5415428757813128,0.6066849780350033
-8.628214826866841,4.628678074541614,2.88e-05,3.912023005428146,0.5454585142993498,0.6429428305295679
-8.819,-5.570735415452079,2.88e-05,3.912023005428146,0.5454585142993498,0.6429428305295679
-8.628214826866841,2.302585092994046,1e-05,9.680173065763402,0.5454585142993498,0.6429428305295679
-8.835939315746792,4.233468323463519,2.88e-05,3.912023005428146,0.5425937146994845,0.602168052558095
-8.819,-8.925198850676509,2.88e-05,3.912023005428146,0.5425937146994845,0.602168052558095
-9.299494949553177,4.650484008205559,2.88e-05,3.912023005428146,0.5429624916167244,0.6404533857836664
-8.819,-8.551555602293968,2.88e-05,3.912023005428146,0.5429624916167244,0.6404533857836664
-9.299494949553177,2.302585092994046,1e-05,12.597582519254175,0.5429624916167244,0.6404533857836664
-9.299494949553177,2.302585092994046,1e-05,13.648570723149533,0.5429624916167244,0.6404533857836664
-9.299494949553177,2.302585092994046,1e-05,11.193175110119647,0.5429624916167244,0.6404533857836664
-9.299494949553177,2.302585092994046,1e-05,13.91260976860548,0.5429624916167244,0.6404533857836664
-9.123181537118214,3.78149063513777,2.88e-05,3.912023005428146,0.5407630828937396,0.6389959396120057
-8.819,-7.995170251087427,2.88e-05,3.912023005428146,0.5407630828937396,0.6389959396120057
-9.123181537118214,2.302585092994046,1e-05,12.88273732919135,0.5407630828937396,0.6389959396120057
-9.123181537118214,2.302585092994046,1e-05,10.325476006790794,0.5407630828937396,0.6389959396120057
-9.123181537118214,2.302585092994046,1e-05,11.14596470201871,0.5407630828937396,0.6389959396120057
-9.123181537118214,2.302585092994046,1e-05,9.920093392804398,0.5407630828937396,0.6389959396120057
-8.830737454808894,3.3590921584402627,2.88e-05,3.912023005428146,0.5492748053861897,0.6436213147204608
-8.819,-5.242436815303417,2.88e-05,3.912023005428146,0.5492748053861897,0.6436213147204608
-8.33620760272566,3.355089398265162,2.88e-05,3.912023005428146,0.5418557527481854,0.6193299651521035
-8.819,-5.695070033359792,2.88e-05,3.912023005428146,0.5418557527481854,0.6193299651521035
-8.33620760272566,2.302585092994046,1e-05,13.805445431035492,0.5418557527481854,0.6193299651521035
-8.33620760272566,2.302585092994046,1e-05,11.615229011359041,0.5418557527481854,0.6193299651521035
-8.930074765217826,2.505858321580575,2.88e-05,3.912023005428146,0.5410673820225531,0.6342171316639343
-8.819,-6.2509004293381,2.88e-05,3.912023005428146,0.5410673820225531,0.6342171316639343
-8.930074765217826,2.302585092994046,1e-05,14.315886753723728,0.5410673820225531,0.6342171316639343
-8.930074765217826,2.302585092994046,1e-05,10.180158768387363,0.5410673820225531,0.6342171316639343
-8.97620403508274,4.205520649625524,2.88e-05,3.912023005428146,0.5464268991578608,0.6269310465484473
-8.819,-7.785853498227741,2.88e-05,3.912023005428146,0.5464268991578608,0.6269310465484473
-8.97620403508274,2.302585092994046,1e-05,10.87170887214673,0.5464268991578608,0.6269310465484473
-8.97620403508274,2.302585092994046,1e-05,11.57378551093731,0.5464268991578608,0.6269310465484473
-8.97620403508274,2.302585092994046,1e-05,11.740046135529889,0.5464268991578608,0.6269310465484473
-8.278925521525938,4.258064508784721,2.88e-05,3.912023005428146,0.5420220229343025,0.639227380205528
-8.819,-6.036895999784462,2.88e-05,3.912023005428146,0.5420220229343025,0.639227380205528
-8.278925521525938,2.302585092994046,1e-05,13.892846596052452,0.5420220229343025,0.639227380205528
-8.223778660199486,3.897147919727764,2.88e-05,3.912023005428146,0.5456894022011924,0.6032982113794721
-8.819,-6.7549273798703755,2.88e-05,3.912023005428146,0.5456894022011924,0.6032982113794721
-8.223778660199486,2.302585092994046,1e-05,8.177367044816393,0.5456894022011924,0.6032982113794721
-8.223778660199486,2.302585092994046,1e-05,10.398595852357053,0.5456894022011924,0.6032982113794721
-9.33049475085695,3.9023227548905,2.88e-05,3.912023005428146,0.5431082979975635,0.6409493610359425
-8.819,-5.265157761396862,2.88e-05,3.912023005428146,0.5431082979975635,0.6409493610359425
-9.33049475085695,2.302585092994046,1e-05,13.363822879989847,0.5431082979975635,0.6409493610359425
-8.492575540541646,4.59396302106087,2.88e-05,3.912023005428146,0.5491910903179918,0.6321097799961928
-8.819,-7.639281489059875,2.88e-05,3.912023005428146,0.5491910903179918,0.6321097799961928
-8.402607864192397,3.8246351769372477,2.88e-05,3.912023005428146,0.5404818122750024,0.6340481506933859
-8.819,-5.707551564597995,2.88e-05,3.912023005428146,0.5404818122750024,0.6340481506933859
-8.998434948715536,4.056312196785709,2.88e-05,3.912023005428146,0.5450066812634039,0.6234033712974058
-8.819,-5.184446709529791,2.88e-05,3.912023005428146,0.5450066812634039,0.6234033712974058
-8.998434948715536,2.302585092994046,1e-05,7.988700381407014,0.5450066812634039,0.6234033712974058
-8.998434948715536,2.302585092994046,1e-05,12.544940395421209,0.5450066812634039,0.6234033712974058
-8.26161091957216,4.603275802671012,2.88e-05,3.912023005428146,0.5487342940279182,0.6484270331410467
-8.819,-7.2653430523624944,2.88e-05,3.912023005428146,0.5487342940279182,0.6484270331410467
-9.4602620578541,4.582649480338128,2.88e-05,3.912023005428146,0.5452191571650026,0.6349703183507333
-8.819,-5.146094196019264,2.88e-05,3.912023005428146,0.5452191571650026,0.6349703183507333
-9.4602620578541,2.302585092994046,1e-05,10.452381260085545,0.5452191571650026,0.6349703183507333
-9.4602620578541,2.302585092994046,1e-05,8.293475050429409,0.5452191571650026,0.6349703183507333
-9.4602620578541,2.302585092994046,1e-05,12.96101071061283,0.5452191571650026,0.6349703183507333
-8.13378711543686,4.691434351030959,2.88e-05,3.912023005428146,0.5435541911780524,0.617042443834465
-8.819,-8.64474827085977,2.88e-05,3.912023005428146,0.5435541911780524,0.617042443834465
-8.13378711543686,2.302585092994046,1e-05,7.887760756762674,0.5435541911780524,0.617042443834465
-8.13378711543686,2.302585092994046,1e-05,10.205986357695128,0.5435541911780524,0.617042443834465
-8.13378711543686,2.302585092994046,1e-05,8.946590195696912,0.5435541911780524,0.617042443834465
-8.75220157532924,4.4081571290645325,2.88e-05,3.912023005428146,0.5427522566980134,0.6319615380462635
-8.819,-4.798035349984586,2.88e-05,3.912023005428146,0.5427522566980134,0.6319615380462635
-8.75220157532924,2.302585092994046,1e-05,14.12611709233572,0.5427522566980134,0.6319615380462635
-8.75220157532924,2.302585092994046,1e-05,13.390317780581546,0.5427522566980134,0.6319615380462635
-8.672716484861768,3.691641621209579,2.88e-05,3.912023005428146,0.5425704242710514,0.6341893791535537
-8.819,-8.850190088931132,2.88e-05,3.912023005428146,0.5425704242710514,0.6341893791535537
-9.51536346501719,4.4991783890864205,2.88e-05,3.912023005428146,0.540460409936315,0.6185121158057799
-8.819,-7.942067311391122,2.88e-05,3.912023005428146,0.540460409936315,0.6185121158057799
-9.403510316482542,4.523228429941527,2.88e-05,3.912023005428146,0.5462037381455326,0.6254476534322704
-8.819,-6.291053107967211,2.88e-05,3.912023005428146,0.5462037381455326,0.6254476534322704
-9.403510316482542,2.302585092994046,1e-05,12.193826402707796,0.5462037381455326,0.6254476534322704
-9.403510316482542,2.302585092994046,1e-05,10.655436457054424,0.5462037381455326,0.6254476534322704
-9.403510316482542,2.302585092994046,1e-05,10.498773865701194,0.5462037381455326,0.6254476534322704
-9.403510316482542,2.302585092994046,1e-05,6.968129834512866,0.5462037381455326,0.6254476534322704
-9.694724513399509,4.500805501148244,2.88e-05,3.912023005428146,0.542026069536289,0.6103546552030487
-8.819,-5.602233011217212,2.88e-05,3.912023005428146,0.542026069536289,0.6103546552030487
-9.694724513399509,2.302585092994046,1e-05,9.384788695691928,0.542026069536289,0.6103546552030487
-8.058247930012367,3.5968173637891394,2.88e-05,3.912023005428146,0.5465626418523296,0.6477450688456614
-8.819,-5.21009619154335,2.88e-05,3.912023005428146,0.5465626418523296,0.6477450688456614
-8.058247930012367,2.302585092994046,1e-05,7.412360962969435,0.5465626418523296,0.6477450688456614
-8.058247930012367,2.302585092994046,1e-05,13.633422903031017,0.5465626418523296,0.6477450688456614
-8.058247930012367,2.302585092994046,1e-05,11.31163103360535,0.5465626418523296,0.6477450688456614
-8.94331723969552,3.5682517416968227,2.88e-05,3.912023005428146,0.5464755104935303,0.625357484410654
-8.819,-8.611077440735478,2.88e-05,3.912023005428146,0.5464755104935303,0.625357484410654
-8.94331723969552,2.302585092994046,1e-05,11.020027782406018,0.5464755104935303,0.625357484410654
-9.483798738022852,4.277504137250275,2.88e-05,3.912023005428146,0.5449969432046884,0.6127968567155835
-8.819,-9.136703362404715,2.88e-05,3.912023005428146,0.5449969432046884,0.6127968567155835
-9.483798738022852,2.302585092994046,1e-05,14.330336283826922,0.5449969432046884,0.6127968567155835
-9.483798738022852,2.302585092994046,1e-05,12.616594873981509,0.5449969432046884,0.6127968567155835
-9.008453413731708,3.8018659797050343,2.88e-05,3.912023005428146,0.540103741538857,0.6250937296074369
-8.819,-9.14899023827774,2.88e-05,3.912023005428146,0.540103741538857,0.6250937296074369
-9.008453413731708,2.302585092994046,1e-05,14.446583958095012,0.540103741538857,0.6250937296074369
-9.008453413731708,2.302585092994046,1e-05,12.45062997893118,0.540103741538857,0.6250937296074369
-9.008453413731708,2.302585092994046,1e-05,13.560978292992301,0.540103741538857,0.6250937296074369
-8.029017771633695,4.0088345241951036,2.88e-05,3.912023005428146,0.5415305419876615,0.6078842830504704
-8.819,-6.238359429690545,2.88e-05,3.912023005428146,0.5415305419876615,0.6078842830504704
-8.029017771633695,2.302585092994046,1e-05,13.280977759447467,0.5415305419876615,0.6078842830504704
-8.029017771633695,2.302585092994046,1e-05,9.744126898808268,0.5415305419876615,0.6078842830504704
-8.029017771633695,2.302585092994046,1e-05,10.834192987172157,0.5415305419876615,0.6078842830504704
-8.029017771633695,2.302585092994046,1e-05,13.63760075620725,0.5415305419876615,0.6078842830504704
-9.407000622597856,4.101344671077918,2.88e-05,3.912023005428146,0.5420100359611798,0.6164510233246091
-8.819,-6.728752809134784,2.88e-05,3.912023005428146,0.5420100359611798,0.6164510233246091
-9.407000622597856,2.302585092994046,1e-05,11.7233302046587,0.5420100359611798,0.6164510233246091
-9.407000622597856,2.302585092994046,1e-05,8.367503376634138,0.5420100359611798,0.6164510233246091
-9.407000622597856,2.302585092994046,1e-05,10.954070401152544,0.5420100359611798,0.6164510233246091
-9.407000622597856,2.302585092994046,1e-05,11.10505556417821,0.5420100359611798,0.6164510233246091
-9.150543737049786,2.30647218549884,2.88e-05,3.912023005428146,0.5488588049943763,0.6394290783401863
-8.819,-5.266624383134195,2.88e-05,3.912023005428146,0.5488588049943763,0.6394290783401863
-9.150543737049786,2.302585092994046,1e-05,8.102314959290057,0.5488588049943763,0.6394290783401863
-9.150543737049786,2.302585092994046,1e-05,10.795570050583322,0.5488588049943763,0.6394290783401863
-9.150543737049786,2.302585092994046,1e-05,9.258706531621085,0.5488588049943763,0.6394290783401863
-9.150543737049786,2.302585092994046,1e-05,9.295074466904792,0.5488588049943763,0.6394290783401863
-9.38551798131286,4.233397264833758,2.88e-05,3.912023005428146,0.5460635433777647,0.6328755784308908
-8.819,-6.172610359861607,2.88e-05,3.912023005428146,0.5460635433777647,0.6328755784308908
-8.620276770842473,3.541261089033172,2.88e-05,3.912023005428146,0.5471938578624397,0.6303610587810995
-8.819,-8.6775194920672,2.88e-05,3.912023005428146,0.5471938578624397,0.6303610587810995
-8.620276770842473,2.302585092994046,1e-05,11.39771668945141,0.5471938578624397,0.6303610587810995
-8.227280658035202,3.7773776269403907,2.88e-05,3.912023005428146,0.5422880348755691,0.6095344009312091
-8.819,-5.589371453986669,2.88e-05,3.912023005428146,0.5422880348755691,0.6095344009312091
-8.227280658035202,2.302585092994046,1e-05,7.516213015627451,0.5422880348755691,0.6095344009312091
-8.227280658035202,2.302585092994046,1e-05,9.203029637360698,0.5422880348755691,0.6095344009312091
